email,1133,5451,1,1132,1123,1,25.2975,0.531089,10,1132,1123,204,125,125
email,1133,5451,1,1132,1122,1,28.1404,0.537884,11,1132,1122,440,95,95
email,1133,5451,1,1132,1124,1,27.693,0.540212,9,1132,1124,161,97,97
email,1133,5451,1,1132,1123,1,22.8368,0.509265,10,1132,1123,395,102,102
email,1133,5451,1,1132,1126,1,20.9981,0.488547,7,1132,1126,628,105,105
email,1133,5451,1,1132,1125,1,22.8863,0.514356,8,1132,1125,871,99,99
email,1133,5451,1,1132,1121,1,28.2623,0.518417,12,1132,1121,164,99,99
email,1133,5451,1,1132,1123,1,28.1894,0.542298,10,1132,1123,377,100,100
email,1133,5451,1,1132,1123,1,28.0496,0.537836,10,1132,1123,601,94,94
email,1133,5451,1,1132,1122,1,25.7288,0.50682,11,1132,1122,821,101,101
email,1133,5451,1,1132,1125,1,23.8733,0.518852,8,1132,1125,167,105,105
email,1133,5451,1,1132,1124,1,25.6998,0.538014,9,1132,1124,402,98,98
email,1133,5451,1,1132,1123,1,29.8778,0.540914,10,1132,1123,616,89,89
email,1133,5451,1,1132,1122,1,28.5681,0.534831,11,1132,1122,830,102,102
email,1133,5451,1,1132,1124,1,23.8716,0.527421,9,1132,1124,190,120,120
email,1133,5451,1,1132,1123,1,29.7809,0.554239,10,1132,1123,489,125,125
email,1133,5451,1,1132,1123,1,29.9908,0.551626,10,1132,1123,767,110,110
email,1133,5451,1,1132,1124,1,26.7406,0.521257,9,1132,1124,1033,131,131
email,1133,5451,1,1132,1122,1,27.1513,0.528173,11,1132,1122,166,101,101
email,1133,5451,1,1132,1124,1,25.9024,0.531898,9,1132,1124,403,99,99
email,1133,5451,1,1132,1125,1,21.6264,0.518662,8,1132,1125,635,99,99
email,1133,5451,1,1132,1122,1,30.7056,0.545058,11,1132,1122,879,99,99
email,1133,5451,1,1132,1122,1,27.8394,0.54713,11,1132,1122,163,100,100
email,1133,5451,1,1132,1124,1,24.7631,0.523831,9,1132,1124,381,99,99
email,1133,5451,1,1132,1124,1,27.1357,0.544971,9,1132,1124,616,96,96
email,1133,5451,1,1132,1123,1,24.2768,0.50399,10,1132,1123,844,99,99
email,1133,5451,1,1132,1124,1,28.3428,0.531049,9,1132,1124,1076,105,105
email,1133,5451,1,1132,1122,1,28.6569,0.545527,11,1132,1122,1310,96,96
email,1133,5451,1,1132,1125,1,23.4239,0.526791,8,1132,1125,1527,94,94
email,1133,5451,1,1132,1123,1,27.2636,0.532046,10,1132,1123,1754,97,97
email,1133,5451,1,1132,1122,1,30.7365,0.555632,11,1132,1122,2022,106,106
email,1133,5451,1,1132,1124,1,27.509,0.536506,9,1132,1124,2286,120,120
email,1133,5451,1,1132,1124,1,16.4,0.497221,9,1132,1124,2523,109,109
email,1133,5451,1,1132,1125,1,23.7048,0.524934,8,1132,1125,2827,148,148
email,1133,5451,1,1132,1123,1,29.9244,0.542734,10,1132,1123,3077,104,104
email,1133,5451,1,1132,1124,1,27.0492,0.525599,9,1132,1124,3295,99,99
email,1133,5451,1,1132,1123,1,26.1562,0.538545,10,1132,1123,3569,138,138
email,1133,5451,1,1132,1123,1,24.3912,0.525106,10,1132,1123,3804,104,104
email,1133,5451,1,1132,1124,1,26.7526,0.539281,9,1132,1124,4042,100,100
email,1133,5451,1,1132,1122,1,30.0563,0.535436,11,1132,1122,4277,100,100
email,1133,5451,1,1132,1122,1,29.1416,0.531569,11,1132,1122,4557,118,118
email,1133,5451,1,1132,1125,1,23.79,0.507893,8,1132,1125,4802,101,101
