karate,34,78,1,33,30,1,5.40171,0.387986,4,33,30,9,0,0
karate,34,78,1,33,31,1,6.08319,0.378452,3,33,31,10,0,0
karate,34,78,1,33,31,1,7.8451,0.402039,3,33,31,12,0,0
karate,34,78,1,33,31,1,7.8451,0.402039,3,33,31,19,0,0
karate,34,78,1,33,30,1,5.44615,0.386835,4,33,30,7,0,0
karate,34,78,1,33,30,1,5.44615,0.386835,4,33,30,15,0,0
karate,34,78,1,33,31,1,6.02288,0.380671,3,33,31,9,0,0
karate,34,78,1,33,31,1,6.02288,0.380671,3,33,31,17,0,0
karate,34,78,1,33,30,1,5.70726,0.394232,4,33,30,9,0,0
karate,34,78,1,33,31,1,-7.73203,-0.746549,3,33,31,19,0,0
karate,34,78,1,33,31,1,7.8451,0.402039,3,33,31,9,0,0
karate,34,78,1,33,31,1,-7.71933,-0.755425,3,33,31,19,0,0
karate,34,78,1,33,30,1,-29.8184,-1.99038,4,33,30,31,0,0
karate,34,78,1,33,31,1,-31.0196,-5.87508,3,33,31,41,0,0
karate,34,78,1,33,30,1,5.70726,0.394232,4,33,30,6,0,0
karate,34,78,1,33,30,1,-9.43333,-0.606838,4,33,30,14,0,0
karate,34,78,1,33,30,1,-29.8184,-1.99038,4,33,30,21,0,0
karate,34,78,1,33,30,1,5.70726,0.394232,4,33,30,9,0,0
karate,34,78,1,33,30,1,-12.0556,-0.5,4,33,30,18,0,0
karate,34,78,1,33,31,1,-21.4869,-2.62525,3,33,31,27,0,0
karate,34,78,1,33,30,1,-48.2637,-4.2426,4,33,30,36,0,0
karate,34,78,1,33,31,1,6.02288,0.380671,3,33,31,10,0,0
karate,34,78,1,33,30,1,5.70726,0.394232,4,33,30,10,0,0
karate,34,78,1,33,30,1,5.70726,0.394232,4,33,30,23,0,0
karate,34,78,1,33,31,1,6.02288,0.380671,3,33,31,37,0,0
karate,34,78,1,33,31,1,6.02288,0.380671,3,33,31,50,0,0
karate,34,78,1,33,31,1,6.02288,0.380671,3,33,31,11,0,0
karate,34,78,1,33,30,1,5.70726,0.394232,4,33,30,23,0,0
karate,34,78,1,33,31,1,6.53571,0.387493,3,33,31,34,0,0
karate,34,78,1,33,30,1,5.70726,0.394232,4,33,30,45,0,0
karate,34,78,1,33,30,1,5.40171,0.387986,4,33,30,9,0,0
karate,34,78,1,33,31,1,6.08319,0.378452,3,33,31,20,0,0
karate,34,78,1,33,31,1,5.96732,0.381329,3,33,31,31,0,0
karate,34,78,1,33,31,1,6.02288,0.380671,3,33,31,43,0,0
